Fri Jul  5 18:24:14 2019	3.893182254125154	4.33413628329321	0.00012411496930000898	10.170355046438722	6.217760744963657	-0.38571450249741557	0.0010237905475796243	-0.3871981842276914	-0.3842850153356667	0.32619963544985436	0.0018343885522356072	0.32380024629887516	0.3296557544128903	0.05565536960268373	0.00024168313042577304	0.05533405285764408	0.056115467999957654	1.5329606355954173	0.04056176170051761	1.4648001949526972	1.6001646618503749	-0.016190129067419505	0.0001979603596858254	-0.016422157940559245	-0.01584755637146308
Fri Jul  5 20:29:30 2019	3.6120300199965922	4.1011303834453186	5.2768901314620405e-05	11.92745437450244	4.5826978599696515	-0.3962188855827974	0.0010147395003825596	-0.39814718948600536	-0.3946172207094164	0.2621147917130687	0.0010902419240480766	0.26070973440386025	0.2647738816821255	0.05294992541589157	0.00013140746360292444	0.05276148352560899	0.053274377745718964	1.0471288416624998	0.010151121646749478	1.0313453633029834	1.0624474869708058	-0.006747899038560355	0.00019724370196468375	-0.006986608256253483	-0.006406251018839678
Fri Jul  5 22:37:51 2019	3.6442943487673003	3.9633003999128675	1.5678921586990926e-05	8.04872459066728	8.096500508349667	-0.30239688535442427	0.000677892912248791	-0.30332187504230773	-0.3010321065126622	0.22469798377569217	0.0004836625559274131	0.22407412108328645	0.2258788131228428	0.041884614995904276	6.966653266773821e-05	0.041761707270587346	0.04202028428575486	1.414234248659596	0.005153129419254098	1.4078228097641654	1.4280667283751176	0.0006888623569318679	0.00015413698862249255	0.0004675526968596858	0.000948651923940916
Sat Jul  6 00:45:30 2019	4.128215799480465	4.48819103954756	4.100812988775916e-05	8.0204576479755	7.371470377233148	-0.446936443037974	0.0004180996272722649	-0.44759257254202484	-0.4461998493593148	0.30032464515066887	0.0007192005145634196	0.29936667179157	0.30204867488665393	0.040230332935972966	0.00010705142989395903	0.04008368043778819	0.040399229367439914	0.708296406192729	0.007648278069080608	0.6983157465412396	0.7278123334365413	-0.00485969060332239	0.0001206082587288059	-0.0050458968312684545	-0.004668037976199204
Sat Jul  6 02:03:58 2019	4.218668520964469	4.561748318399161	0.00027648420772634255	7.517990506395152	7.931635308946558	-0.1979864109331789	0.0019335589360692804	-0.20097357654452452	-0.19464408763923166	0.20378736337670805	0.0012176556166248894	0.20241981700294273	0.2060230147146439	0.04541545027458916	0.0005594600112994734	0.044685707811029186	0.04674131501403187	1.3950690275570596	0.019863845984546772	1.3600906915591744	1.4293476243773826	-0.009012975689950974	0.0005810353155985202	-0.01013271452965881	-0.008003740262801614
Sat Jul  6 03:26:34 2019	3.6368940003563974	3.917379583657206	7.747661386104902e-06	7.159976923594213	8.433930079605304	-0.21611735668308998	0.0007465357706023379	-0.21708336885042867	-0.21448795419389458	0.1649052526987669	0.0005688166065381316	0.16388015451562565	0.16594520114678882	0.0396808498463694	7.819248170989056e-05	0.039562773444371306	0.03981357071334489	1.4048347392844758	0.007332081639410904	1.3933147228227025	1.4153585696776814	-0.00025384682952379575	6.094003547718648e-05	-0.00036213743015322544	-0.00016839630300417114
Sat Jul  6 05:54:53 2019	3.1739509651020175	3.435753725753346	1.3936332799640547e-05	7.620059892966538	7.892633366330272	-0.2393164465811201	0.0008955654075223025	-0.24052855720258937	-0.2376899694668419	0.22879576657130163	0.00047906672374169965	0.227906836079152	0.22970873494069055	0.0457784963920741	9.671386733886473e-05	0.045647857557284975	0.045928818015345534	0.9432162596505782	0.009809326736049007	0.9281275604122255	0.9632927880074601	-0.00670385996451348	4.213116172812639e-05	-0.006764567773811053	-0.006633169841789877
Sat Jul  6 07:43:43 2019	3.3214923092601762	3.710247665427366	0.00010258164092120862	10.473986804957848	4.615337143286897	-0.6226642696740481	0.000979381680565676	-0.6239380008319722	-0.6209046112225592	0.4167471560533428	0.0013975543193791083	0.4148168777652903	0.41978270762908965	0.04569472117584538	0.0003820381586257398	0.0451412362669601	0.0464389911142727	1.3719290603654826	0.018197595510004043	1.3456836010669713	1.402027674454202	-0.0019373084691440938	0.00023039271221310034	-0.002295348832617553	-0.0015392948385893285
Sat Jul  6 09:07:57 2019	3.882742759642628	4.181325892078703	2.1853827136770615e-05	7.141040353463433	8.35220256816789	-0.21642485209088655	0.0011859646586293603	-0.21836620080797794	-0.21392176198903667	0.19918426567191055	0.0005052059395726121	0.1984644573927488	0.19998965082089312	0.03995936257271966	0.0001264412567844651	0.03980211456104104	0.04012517424367752	1.227733332941497	0.02054414072176612	1.1941522283096082	1.2611207302611116	-0.005066160523130114	0.00014604855124042277	-0.0053111507997567805	-0.004822449470676497
Sat Jul  6 10:45:00 2019	3.6553125918242984	3.961753740358636	4.629318860826433e-05	7.73475947110459	7.956296973395826	-0.4178923072841549	0.0010370419358010962	-0.4193033925406568	-0.41652282741114915	0.3266549227032153	0.0013142136014424287	0.32490726718991714	0.3289985513532089	0.038828008397298726	6.428087361028241e-05	0.038741855533456694	0.03895940011343753	5.045755205447213	0.15248130188289774	4.856517940020076	5.311710815825235	0.0023678518469063244	0.00027475098958005845	0.001959470470956472	0.0029115912673933274
Sat Jul  6 12:17:50 2019	3.4763223674206665	3.885907337453105	1.922669990775247e-05	10.539697833007565	5.08968193581206	-0.22905381223045956	0.0007046890778114342	-0.2302918355145535	-0.22784675674533353	0.16865524243756744	0.00041185430285022197	0.16810379194079217	0.16928638704834276	0.04829936308391458	0.0001113975358852121	0.048040794363573405	0.048464223559040356	1.3094951127478738	0.028037011817791366	1.2523214304907362	1.3455503010481304	0.0020663674673029866	0.00011602139497127324	0.001868088900521184	0.0022067096699722346
Sat Jul  6 13:27:57 2019	3.8587960241204238	4.378863013447979	0.0001485435053430301	11.879256744823373	4.960118218236545	-0.5921630703443835	0.0020618184621886437	-0.5954739436101297	-0.588993689288865	0.4587358072199783	0.0019030894429602975	0.45620664784922854	0.4627277820931946	0.04631909125937257	0.0002698626294723011	0.04583667426319182	0.04678456723058421	1.40639914613636	0.02058093841503201	1.3735262765113079	1.4400588236719407	-0.00020608596621788305	0.0002454078297980082	-0.0005846304730626163	0.00018035855122916532
Sat Jul  6 14:56:12 2019	3.508075840093369	3.8134076724093235	7.03957437015719e-05	8.008342842174095	7.56329908148494	-0.1486449085903861	0.0008749435562892713	-0.15014073530383487	-0.1474062074424078	0.17674248777192347	0.0012776040129956767	0.17482608390454463	0.17920408513566216	0.0494642058706153	0.00022485518930346173	0.04913257567896203	0.04989191282346623	1.6454554558551102	0.023352166244135657	1.6049511003904484	1.6794047745876053	-0.009544621180779981	0.00016200564526755646	-0.009722936995598138	-0.009193503812793822
Sat Jul  6 16:11:47 2019	3.7643511089822845	4.096110675360822	2.3404901768290243e-05	8.099070701971042	7.75787973555076	-0.36409538752168896	0.0007740001762241233	-0.36528671347361186	-0.3622918496531086	0.2791961190085694	0.0005600826826074139	0.2779620948252265	0.28001767725610255	0.034025464854124846	6.116210763987753e-05	0.033947005060124345	0.0341336608317874	1.3835963792352557	0.006876636287815204	1.3732041436354863	1.3975592350067552	0.005093332012885711	0.000126738544612693	0.004898490506125171	0.005298559179218057
Sat Jul  6 18:00:42 2019	3.912058358292019	4.284895654212677	2.852432750652052e-05	8.700461849753644	7.008663912869767	-0.1613190915457868	0.0012897273743998831	-0.1628781548005486	-0.15866996281853205	0.15623112763100197	0.0009034173275653343	0.1549541977021116	0.1583706553971681	0.039874484457653576	0.00017005198533447666	0.039682692330028795	0.04008479886084127	1.3378641118294605	0.008142140217309647	1.3222633004868096	1.3539501658534896	0.0011438622744261407	0.00013917388413734578	0.0009433151594656123	0.0013741849020004508
Sat Jul  6 19:27:14 2019	3.6135952429016105	3.996692004837093	8.195191789555736e-05	9.585480097855335	5.741168620159065	-0.05064726676645849	0.0015773437815187732	-0.052854838490940415	-0.047553462152876695	0.11554676069654553	0.000545911949195569	0.11445438454043998	0.11658118153123352	0.0478639837032115	0.0002561665033232667	0.047482566283920814	0.048346794265568094	1.3720408702420817	0.020514086410690077	1.3416737059479884	1.4230197842301429	-0.005835286415458762	0.0002834824911686868	-0.006296170174071249	-0.005346705984391823
Sat Jul  6 21:27:20 2019	3.8266960370987957	4.097364478784644	0.00021388517083009438	6.6104952089834494	8.525271879135603	-0.101378772268699	0.0015161073467890086	-0.10345715027170167	-0.09920394396365013	0.10195606633332126	0.0016404139406923325	0.10028250837525525	0.10536408940820327	0.035844034456196286	0.0002201146745643388	0.03555033362490273	0.036201508425100774	3.7222977524826106	0.12452313635885606	3.5168608806016146	3.8784618598065497	0.0010424726656146205	0.00032232868392740617	0.0005947011930105995	0.0017247562077157804
Sat Jul  6 23:06:23 2019	4.195185717878215	4.68428950295326	0.0002219927613131341	10.437695745953231	6.335390229851148	-0.33171613823265095	0.001151101922657101	-0.33353575541524816	-0.32974857036455685	0.284536543733863	0.0014106695234108709	0.28262900899642757	0.2874202990046261	0.039700723594029895	0.00022681012293336388	0.03924250313126173	0.04002429768639477	1.469618111878698	0.048139274073598914	1.3933078104513583	1.5330892492604558	0.004771953250797002	0.00022162499753805646	0.004437733163574531	0.005189844603255072
Sun Jul  7 00:49:58 2019	3.395749840353582	3.8587391619118536	4.716811494674587e-05	11.998376995224728	3.221997814320955	-0.3479977142140119	0.0011953491415056608	-0.34999600385140317	-0.345807581222911	0.19714646650000153	0.0013737359727137846	0.19510948039901505	0.19975237114773203	0.048101645125643896	7.809757475416026e-05	0.047993267742329426	0.048251447216020635	1.622428207462227	0.015838995304018035	1.5964530019291798	1.6438769272699925	0.001944642457498251	8.002819821410004e-05	0.0018156005667273704	0.0021108160500177783
Sun Jul  7 02:58:19 2019	3.2756124283650108	3.614739575673762	1.4445517055685785e-05	9.38193603555431	6.570211119579475	-0.4423053053427742	0.0012794130324022587	-0.44367671230630323	-0.440090507145354	0.3327687124443018	0.0010394077683374922	0.33104656141112215	0.3340618879553851	0.0436874309398239	8.733032927219041e-05	0.04356100658576214	0.04381676777052716	1.3292209512300075	0.004038979302802393	1.3215072743382406	1.3357173602473886	0.0014395339695121643	9.064687901025774e-05	0.0013433385367662514	0.0016804505406897445
Sun Jul  7 04:28:53 2019	3.9817842937456938	4.322555589347022	7.938992283527437e-05	7.883736626589051	7.6889053551904505	-0.13734765371270918	0.0013143132719546388	-0.139344883065739	-0.13569906319263103	0.14434234096760593	0.0005492723823632445	0.14368908843522873	0.14550408439571438	0.04240899291792084	0.00015047364639474048	0.04215333425335833	0.042656160056456366	3.2963224616972986	0.06738747985861904	3.200079407734884	3.411880460801423	-0.004360323888715555	0.00019407485866997594	-0.004632292342416638	-0.004042403418555975
Sun Jul  7 06:14:50 2019	3.7470288202829343	4.044027174048578	1.5138022681413355e-06	7.34415491312423	8.22461549227066	-0.3429455101921026	0.00024928473284700276	-0.3432814999619247	-0.34245226597603373	0.2875599313760746	0.00013550629511740247	0.28737549603962037	0.2878513928430018	0.036736310095063826	1.4738922328335983e-05	0.036717741207631244	0.0367631409047809	1.4676933684699223	0.002071606483877283	1.4644798159525716	1.4714005602348033	-0.0007561872176552174	1.2957224307257454e-05	-0.0007754619839370617	-0.0007326031214498395
Sun Jul  7 07:41:23 2019	3.934617774124449	4.247873082832546	4.6350076407792455e-05	7.37476502087606	8.240490210310114	-0.30179229006360775	0.0004921154728415822	-0.3023485122693793	-0.3007430050303939	0.236374292821545	0.0007354858750283315	0.23542511761620752	0.23750784662343946	0.04430255250920076	0.00016433834636503204	0.04407671003644125	0.044572482312015924	1.7585629064153232	0.013106486874632598	1.7282836514385147	1.7794185125224402	-0.008672945115450857	8.005226711270946e-05	-0.008768192042947938	-0.008522605371700784
Sun Jul  7 09:14:36 2019	4.261904492533595	4.57703444800296	2.777648482040628e-06	6.885018630589819	8.092105284249824	-0.35488610115816477	0.00019663515041986031	-0.35521282904900947	-0.3545356840561688	0.24127302157852717	0.00012275894847734426	0.24102133159874684	0.24148912136962214	0.03824577322765935	3.1935541038382754e-05	0.03820157510464312	0.03829994202530541	1.456129624852616	0.0011952796891505184	1.454351404958428	1.45804054087933	-0.005193998689096006	2.9286933441732767e-05	-0.0052456185894288005	-0.005154029851829926
Sun Jul  7 11:03:06 2019	3.6379908363150433	3.970220085687932	6.594143827162194e-05	8.365931342628226	7.6569862405769555	-0.34587345022099686	0.0014338307285891778	-0.34905400832721434	-0.34397064577719444	0.2761547782176459	0.0009694453344807029	0.2746762009811641	0.2778588345567145	0.03865178360645091	0.0002435341925221361	0.03831068223458353	0.03905367636958211	1.22534759290037	0.019565678271403094	1.1955060852976007	1.259490787180104	0.0012912553305779958	0.00016012148686775092	0.001063839526988192	0.001553442318472654
Sun Jul  7 12:31:31 2019	3.072320973649523	3.365683285154715	5.021968384903398e-05	8.715338467866664	6.975399403231205	-0.31008706843878386	0.0012130921334022188	-0.3118615909752458	-0.30774938281854103	0.24947823839779285	0.0010674670001679244	0.2476685337155805	0.25072740605088983	0.051312989035207604	0.00018784031193815862	0.05103521261809062	0.05172668237482229	1.0873534249740975	0.03691094788204588	1.0363644932180238	1.1562170123665025	-0.0059767942166753804	0.00013012430634402045	-0.0062025386727199185	-0.005785251349295035
Sun Jul  7 14:10:03 2019	3.669264056120603	4.048941755727141	6.560312452001517e-06	9.377334499132441	6.7318486689188095	-0.287682410907796	0.0005854738443414392	-0.2883890303904944	-0.2865183075380844	0.21454357083688302	0.0004363644018352031	0.21391051754223467	0.21530481495910608	0.0450171323116538	3.7830321481600464e-05	0.04496319202733825	0.04507958228996614	1.425248696630407	0.004406355705889356	1.4190973947726724	1.434690736464394	-0.0023758441620746976	6.091089754749296e-05	-0.002446942364714076	-0.002274130902138467
Sun Jul  7 15:11:39 2019	4.393013484760931	4.71405984670116	2.3235406274530515e-05	6.810133037295045	8.176314538979076	-0.261822513515633	0.0005841387444239501	-0.26272534428841027	-0.26053590451836395	0.1852608590136088	0.0004958727029624198	0.18449914115699997	0.18602533332341323	0.0337250834705025	7.188775754816633e-05	0.03360997067262153	0.033860780351029	0.9394338808720173	0.005893100729274443	0.9291296989853808	0.9490277103646423	-0.0003200771976571321	8.725270405075526e-05	-0.00043466123637318966	-0.00014524929782436192
Sun Jul  7 16:29:45 2019	3.7702568479915946	4.0835271990103115	4.48712176659963e-05	7.671730407805316	7.851635921599698	-0.3122329327591514	0.0010868468022845862	-0.3137520990387534	-0.3098469888928257	0.27424582626881194	0.0005147866807190496	0.27366058576084834	0.2753543757209263	0.03886500783878559	6.907087065982203e-05	0.03873685642185324	0.038987475723778954	1.3297039063007872	0.018653273232491017	1.2949752562640275	1.3527015331215124	0.00013968923330031944	9.093052425977334e-05	3.5902432553784575e-06	0.00029625950746768246
Sun Jul  7 17:35:58 2019	3.53966225475349	3.7687184306108974	0.00013094411025777098	6.073540076084219	9.09578360802714	-0.31191560842433536	0.001824713438408704	-0.314426638174707	-0.3077287946560201	0.25567202414664025	0.001373918265092844	0.25405213768895724	0.2587636241899988	0.03239835125856968	9.140674373600627e-05	0.03227602238181919	0.03257599959812695	0.7334500893880759	0.01946345916631857	0.7053994373976192	0.762349074923987	0.004700251221522289	0.00022021877376204705	0.004370351609647351	0.005115434326037976
Sun Jul  7 19:06:20 2019	3.853061233259376	4.135015773443717	3.20819018913963e-05	6.818078863945587	8.39946977111536	-0.42661133746463575	0.0009367163864835357	-0.42817922963435634	-0.4247387774615182	0.32625550273748904	0.0007222128748865302	0.32505594934538123	0.3273695828460195	0.03290486420932722	0.00010524518994922551	0.03273896586716513	0.03309651760695408	1.059872569641708	0.013229969279795594	1.0368756005236204	1.0764652036562214	0.0011841738376221914	8.43767974703381e-05	0.001058941646041889	0.0013279028546145859
Sun Jul  7 20:48:32 2019	3.5292331817164153	3.8310541978076693	3.4580589342544033e-06	7.87818744094312	7.7643820091594815	-0.18002022635094375	0.0002752170015660091	-0.18042643527823285	-0.17950231567959116	0.19796815437012755	0.00037595478705146134	0.1972069416902214	0.19851276573463086	0.04570778540367586	5.9292207425614046e-05	0.04561635975262777	0.04580916664107657	1.2010793269034337	0.005740182437665576	1.1912460610283901	1.2096469271732948	-0.006506089592406973	5.837559989163019e-05	-0.006602586893376024	-0.006410774085401718
Sun Jul  7 22:15:27 2019	4.035999989302489	4.324321080406941	0.0002260226292162777	6.6714198441143155	8.514289874074658	-0.32533320834293117	0.0017366058542681022	-0.32806582577578275	-0.3224336106697445	0.24546569245663163	0.0013411433149236732	0.24332066244190417	0.24823406047267152	0.030824835701626384	0.00039661287675635644	0.030059601581629444	0.0313762122749359	0.7057970232996604	0.02821967319543375	0.6532877398445798	0.7565605816865231	0.006281493644436913	0.00026303368760685885	0.005823279094801163	0.006740961284802624
Mon Jul  8 00:00:04 2019	4.538358709393594	4.97443522116811	1.9724466126821118e-05	8.766475775045214	7.4379242083618875	-0.38492197925912885	0.00037080595427209183	-0.3854832866896569	-0.3841237090553894	0.27304706418108116	0.0003523317010008712	0.27260188159452653	0.2737156154323258	0.04413951337142754	5.736600231610257e-05	0.04405480779314708	0.044228850735897475	1.6511195411994142	0.013140592879156076	1.6349114128551216	1.684453060678582	-0.00879191026415325	8.820543685499769e-05	-0.008906057097116686	-0.008618508624553668
Mon Jul  8 02:26:32 2019	3.309934833448331	3.7406194228180683	4.47824677535777e-05	11.513302219031669	4.619299633983823	-0.3740788462931844	0.00101716809563374	-0.376161637905783	-0.37270973555755843	0.31898750989680413	0.0005201643091642312	0.31833796909552997	0.3197798893788216	0.05451821930780114	7.367580457456783e-05	0.054420346875138845	0.05466787903852073	1.4588312751621806	0.01227070178240595	1.4432401170918279	1.4810799589629857	-0.00923922292658484	9.946788210810053e-05	-0.00938216207886846	-0.009013880172328011
Mon Jul  8 03:52:00 2019	3.635918061595823	3.934389108598031	5.934916903633705e-05	7.5881024551052505	8.193048137108764	-0.23191770356155694	0.0016663824078104808	-0.23432227341451095	-0.22883393493964838	0.21860923495441104	0.0011541906555682534	0.21691057542648748	0.22072565555152382	0.052935877619956516	0.00011371242524729599	0.05278782507559001	0.05313930838563982	1.4598483455020508	0.01984585045817486	1.4264239672574017	1.496929542964744	-0.01633624241222685	9.651563529622457e-05	-0.01647774023517857	-0.016160299873176697
Mon Jul  8 05:39:22 2019	3.7696001642981325	4.125627107788086	6.960757642763053e-05	8.6284508670011	7.580610028561709	-0.3178748794783135	0.0017063723387857836	-0.3201736387502697	-0.31448732033970184	0.23250058071324792	0.0015299911165324194	0.23008400273391152	0.23497608323987948	0.0362018298671337	0.00012270125496676004	0.03605369786572676	0.03645204917129312	1.7418156624369936	0.028814645822115383	1.6947609453544952	1.7964483970600704	0.005663886558598062	0.00019960771350657273	0.005332052747757236	0.006041202290809771
Mon Jul  8 07:01:36 2019	3.5807713961592444	3.9120859108713733	4.2565865264424234e-05	8.469161485615999	7.145555988144896	-0.5048008850066329	0.0006968235378745492	-0.506093496433644	-0.5036755724039045	0.35265414891914404	0.0009178412785193228	0.35157784174169376	0.35425894124751894	0.038440785073000236	0.00014374058872782203	0.03824012528074542	0.03871290961131331	1.497817266250241	0.00968985477721747	1.4847713328891512	1.5193856212896872	-0.00015043284946456492	0.00013906826460686694	-0.00035414814871102346	3.607501654778587e-05
Mon Jul  8 08:53:14 2019	3.3768279159920787	3.560137116115025	1.4109824713768482e-05	5.149167865103678	9.54161494818812	-0.048858604538040584	0.0009421096405874175	-0.05003142212912416	-0.046658180333725485	0.05399323634233657	0.0007638575409423754	0.05274006989035762	0.055487164565528546	0.03113729318546189	7.015858910017519e-05	0.031014490289616534	0.031227711022898955	1.3557736289812987	0.008475496916014402	1.3439463504186426	1.3719767941487553	0.0035904721931119135	9.561987675397852e-05	0.0034286865156129055	0.0037447785624387
Mon Jul  8 10:12:49 2019	3.693229450329062	4.181202905173239	0.00010101245095564965	11.672183286870304	4.742505702011299	-0.3827541194438412	0.002377184520446121	-0.3858807439036013	-0.3792480977211604	0.3544779177742923	0.0008291341564004335	0.35300929603504533	0.355840911864309	0.05521240015435375	0.0001756171100641432	0.054979841072243865	0.05553176714781187	1.2816400188256858	0.017425738906190046	1.251116570746252	1.3104582552544837	-0.012562866448938512	0.00038145622147670705	-0.013029493515572893	-0.01204692947381405
Mon Jul  8 11:41:45 2019	3.162250553120892	3.551968665989802	6.200897902385551e-05	10.973490141749986	4.45807309310249	-0.2229518022392878	0.0009466231562605286	-0.22420432234966767	-0.22111709128515963	0.184477119451754	0.0005564139255869894	0.18333644636061847	0.18531279106564816	0.05485973711083014	0.00012657814550330875	0.0546825335397414	0.055085422663108695	1.4196961981225944	0.006840063897839423	1.410483070932702	1.431822455680584	-0.004250363350731767	0.00018922093865671673	-0.004663912195421494	-0.003964122876542372
Mon Jul  8 14:01:22 2019	3.7513903091685554	3.9865867108455446	0.0001351411533903928	5.901570625706885	8.91250944642437	-0.1391516725798078	0.0007684652190674712	-0.14024389412719318	-0.13752464042016255	0.14722386535507578	0.001187997124803645	0.14514232598290563	0.14939986121394663	0.04174807657828876	0.00014404652497169415	0.04153920541027227	0.04201795199506794	1.3929779303560212	0.041522850511891696	1.328725992872459	1.448875459557429	-0.007865582921482182	0.00029117429536052835	-0.008304045499479759	-0.007437980619967957
Mon Jul  8 16:05:04 2019	3.798580939200207	4.171300107514167	4.7665520435133545e-05	8.934655101263072	7.104878485612131	-0.447008197982222	0.0011882088164944947	-0.4488412928449343	-0.44456824181437987	0.35774546005510677	0.001040297370970801	0.3560606468746106	0.3592724750354097	0.037412150696562486	9.540615111280588e-05	0.03728075901546527	0.03756596843635518	1.1638519779133438	0.014857874838416578	1.1426273988528315	1.1918646809140616	0.0023465607656265068	0.00013705557553764106	0.002156821444452599	0.00266720592713163
Mon Jul  8 17:22:48 2019	3.5985835346893458	3.9486248883455253	1.1959514746077187e-05	8.865285152461109	5.99789056644284	-0.2958857811757531	0.0006713223311870153	-0.2967483516368473	-0.29494794301028077	0.16721698176341276	0.0003922131432857756	0.16654488095552317	0.1678171134125623	0.042386327335064845	9.189366620421084e-05	0.04227019326156443	0.04256470360854145	1.1515529317303956	0.003948665826301745	1.1451676582693386	1.1581652862757963	-0.002373532270143949	6.614074632036426e-05	-0.002494070617562823	-0.0022642705409099562
Mon Jul  8 19:11:42 2019	3.732678737317732	4.178562096618032	5.446407576967685e-05	10.671532356889402	5.518845330083443	-0.4746376490833854	0.0012448503162625134	-0.4764105171319146	-0.4723727563223357	0.33504395926998376	0.0005695340882025455	0.3341892539780048	0.33581710681699684	0.0498537105698179	0.00011478645231481412	0.04972191126817252	0.05006426453498745	1.0697015310879974	0.02760064411526692	1.0180692406098406	1.1278572334114458	-0.006676479166084323	8.463517085660373e-05	-0.006838753816252055	-0.006531363513693779
Mon Jul  8 20:27:41 2019	3.449627334406247	3.920357576898322	0.00015051325397609486	12.006649876017415	3.8989208495332086	-0.16912610410877707	0.0021336590932785385	-0.17300933428036547	-0.16600113377095307	0.1335741823874661	0.0013249023127541823	0.13168688762389485	0.13602571897045096	0.05733942602461206	0.0001471431418610271	0.05714992231473539	0.057706194824047305	1.433304053217755	0.02466520688943862	1.4057247821283017	1.471827158780883	-0.007913450870563967	0.0004009962128884112	-0.008535440322974132	-0.007177375434791832
Mon Jul  8 22:04:52 2019	3.5852083421581313	4.1824086932142635	5.311347351929404e-05	14.277612189227007	0.9303537434235478	-0.2625155097243878	0.001100906051759112	-0.26459578034189524	-0.2608077893023153	0.259992123013287	0.0011995395555922566	0.25823729932802086	0.2626965380629298	0.05272403732738157	0.0001340043390063348	0.05253325977072518	0.05296158322642212	1.2173115782339043	0.012613946817353274	1.1971526130749433	1.2343024535956617	0.0027850573285219836	0.00017259655060944935	0.002507030496731796	0.003023075232953175
Mon Jul  8 23:29:44 2019	3.5198736587491717	3.8572120353941814	2.7142824632994046e-05	8.745524673289001	7.026642104083218	-0.31400188418085395	0.0011049708845953495	-0.31602918287666504	-0.31235235785837645	0.27610108064667604	0.0009460407699552082	0.27487673761722936	0.2781948809460367	0.0490894704745598	9.346963424999632e-05	0.04893909560436617	0.04926176904864653	1.269708464570416	0.008774294214270577	1.258556259808091	1.291880252433184	-0.008168785869636782	0.0001356763628925961	-0.008388389622026047	-0.00792269264349858
Tue Jul  9 01:20:58 2019	4.042655754546433	4.473300607242386	7.157249384773641e-05	9.626611151982885	7.121230709817601	-0.3874075568124867	0.0016589150150900392	-0.38936730274475434	-0.38453658586531425	0.30704362838398136	0.001126745289355534	0.30554792273336795	0.30851002485138346	0.046916664146030324	0.00016749549173459324	0.04663762675760335	0.04733944848241713	1.3336132171062287	0.01400276715428704	1.3124981700998462	1.360713201328279	-0.007536173380193906	0.0001751707896021654	-0.007838826440477203	-0.0072852141361468906
Tue Jul  9 02:54:46 2019	2.978244588012468	3.3058151158427407	4.1388367253384304e-05	9.90917365408054	5.259985451341122	-0.3096432523088397	0.001011106665546247	-0.3114707269507483	-0.3080410377687822	0.2477181537252259	0.000647350608543767	0.2467881871822393	0.24860883398355482	0.06263229449492266	0.00013538525025557567	0.06245695461138897	0.06282117599899859	1.4607087925771627	0.008386810926949796	1.4487108875984216	1.4747137034178741	-0.013788954244731946	0.0002036284886345744	-0.014061000814270228	-0.013527150874029163
Tue Jul  9 04:56:48 2019	3.749736121792388	4.238821772873354	6.700993934627043e-05	11.536722001927066	5.345071218003674	-0.5153456341932958	0.0010177517135481315	-0.517110664121771	-0.5137658104317443	0.3871448195915798	0.0006644009697490595	0.3862040331444997	0.3884692869449234	0.0430409234989991	0.00018106705954217775	0.042804162437319174	0.04334003618132764	1.4963138256732806	0.008401663660782332	1.4844662637736505	1.510367508982371	0.0002051374791258196	0.0001567742825493128	3.839636105386804e-06	0.0004425884172273174
Tue Jul  9 06:40:48 2019	3.7587024312426074	4.100782938498437	1.0143236720684715e-05	8.341934090691627	7.480958310394074	-0.3933880388055132	0.00032724168230082324	-0.3937904363356234	-0.39268674385496893	0.26227228776717715	0.0002562378003756068	0.26180914273715994	0.26275930450032725	0.03840556504568239	5.3233197834217924e-05	0.03834445178026033	0.03847107132108347	1.1602673823178076	0.007046663390360243	1.1493111599512313	1.1715061726737557	0.0013657276985571335	3.6812864737306554e-05	0.0013107381958240476	0.0014319071804662325
Tue Jul  9 08:36:14 2019	4.374500020245663	4.567409540186603	0.00011170433402336932	4.224609022315415	8.548651358655807	-0.2417853319206526	0.0016247051618358348	-0.24477263200967814	-0.23862683019263167	0.20404845008945355	0.0012566248417869507	0.20244456468039762	0.20592297757297348	0.02260776166056868	0.00020664628405161266	0.022254596343175854	0.023032286174245062	1.8088557445276756	0.05281149814677724	1.7316876252309406	1.9031839763269556	0.003496473628015976	0.00010320240608834613	0.0033537680286557427	0.0036637469841893327
Tue Jul  9 11:00:12 2019	3.6131471674608577	4.139069767388682	9.506933588517192e-05	12.705611086667684	3.9780127843240356	-0.23405882126594654	0.000853557604353869	-0.2353146363408947	-0.23252680832432412	0.19084719155741173	0.0010006225590306675	0.18895635517655723	0.19202170604396213	0.049902123361685397	0.00013986078365424437	0.04971330906550983	0.050144956340321685	2.4228844833020498	0.11029769913953785	2.2057871955312094	2.589765398195798	0.0007087075112484217	0.00023902837231469575	0.0003411206891968262	0.0010556862521200732
Tue Jul  9 12:57:32 2019	3.641533182770156	3.962571062029854	1.0599169823625638e-05	8.101629534412561	7.9254755299888195	-0.2806172844462282	0.0002849991873161837	-0.2810667703611881	-0.28015146927030876	0.21397319755723743	0.00021492071569556294	0.21366130283814688	0.21434026412770316	0.039962494620522024	6.766557572118998e-05	0.039838626398316083	0.04013241013790927	1.461378624045933	0.008549925892426036	1.4508797250086107	1.4782492258111455	0.00021377579440361944	8.090511723623421e-05	9.039932933031734e-05	0.0003250372539562951
Tue Jul  9 14:04:31 2019	4.452529818407708	4.776441932663712	9.331629303047204e-05	6.780976662865785	7.996572957437027	-0.44490600721571105	0.0014809403949702575	-0.44702284300808615	-0.44185139398538553	0.33987102851968565	0.0011262522225371798	0.33784116588797797	0.3413796220866527	0.04124307652885301	0.00014529383060342478	0.04104776217905771	0.04153071639239154	0.9944680742231455	0.01672980132662488	0.966497719355207	1.0210445472745553	-0.012807749558714337	0.00011945455953880118	-0.013028679201723448	-0.012593696971607983
Tue Jul  9 16:22:37 2019	4.081447261947824	4.391859491477099	6.296731839929892e-05	7.064824706555569	8.443961527242411	-0.19601402632820758	0.0011746437891378893	-0.19783549071316256	-0.1935429480493526	0.15391663164868402	0.0010136141073676058	0.15225433704524077	0.15610426550172765	0.03299791338625009	0.00010663844047314345	0.032809162433560336	0.03322646737819347	1.425830735455974	0.012332071866074693	1.4054942650309152	1.4411227951061778	0.005791029961819979	0.00011287043376313799	0.005626574739677393	0.006043376346275172
Tue Jul  9 17:49:35 2019	3.7226477412810395	4.010687272987985	0.00012687499362704983	7.181139157648168	8.138722782173675	-0.4841518548438392	0.0016854282183173849	-0.48662010403719747	-0.4818523941404735	0.37806289387719755	0.0010423698300503408	0.37649888083026695	0.3800426011278689	0.030603981901746118	0.0002522426031902152	0.030160648164304294	0.031102524280830973	1.3875046742483952	0.01527757472486092	1.3628321587901022	1.42020278342539	0.008998634712215315	0.0003409151571488342	0.008448605779044807	0.009652419545405992
Tue Jul  9 19:23:05 2019	3.299319503738906	3.5659159927488524	1.005009709189784e-05	7.476048575789214	8.008858008661504	-0.44221445028644535	0.0004219469346558258	-0.44278505129678286	-0.44156293269859087	0.36784852278200725	0.0004677934761378245	0.367273295596489	0.36862405535190707	0.044914893186777036	0.00010358019406237154	0.04472965093923071	0.04511527344376357	1.2479583156304446	0.006591402643485918	1.238285541905158	1.2571999906257891	-0.005610333145278008	9.120410831061805e-05	-0.005767398681481124	-0.005420466524822751
Tue Jul  9 21:36:51 2019	3.2501556025493556	3.52987348143544	4.363358900889331e-05	7.923179744197843	7.676812764905158	-0.4880387082562576	0.0016171782517533202	-0.4906603597242995	-0.4856419306611565	0.3750373570784407	0.0011286327862990012	0.3735416485335728	0.37707650002170934	0.046522527730438884	0.00016164787768594574	0.04625585318836287	0.04672281934036901	1.1507215299278166	0.010696043610856083	1.1350859271826457	1.1670083374800007	-0.007416890846103164	0.0001592332091419744	-0.007633244384825248	-0.007121215654499342
Tue Jul  9 23:15:28 2019	3.377038140710925	3.7312488508235226	0.000277438376196332	9.47980518147167	6.699271558841249	-0.19377416107569626	0.0025125183740463642	-0.19786303037199898	-0.1898025006310883	0.17592916641100778	0.002176719935335984	0.1729695473126766	0.17972555476870056	0.06285233831197759	0.0005403735187544166	0.06206022017193385	0.06386665746218292	1.4843429635886707	0.03741437111059199	1.4257330518300342	1.54816164499528	-0.02025109855334188	0.0003220982202665686	-0.020809315587734127	-0.019804276915580635
Wed Jul 10 00:51:31 2019	3.2242297728096596	3.478368652917138	4.452317934961922e-05	7.306477721953912	8.424655092846288	-0.2251555902504105	0.001044111698543959	-0.2266039768468103	-0.2229228472465248	0.1913119405579917	0.0006730072855877554	0.18984993074388712	0.1924637830862227	0.03970953369485918	0.00015142150186552773	0.039485748519419966	0.03996088998290642	1.6725798273613848	0.011166638146901673	1.6587429662584972	1.6932579887181476	0.0021989633601851174	0.00013438876809811732	0.00204221812396549	0.002514309190453402
Wed Jul 10 02:51:58 2019	3.0881007455859013	3.4607901385752826	5.6873490615416805e-05	10.767675185959964	3.932731879345895	-0.24661405048280072	0.0006608408799195647	-0.24781162841423393	-0.2456401321899898	0.18325743782383577	0.001175467300277544	0.18185278700026042	0.1846666730954433	0.05551697239680403	8.716988499336665e-05	0.05534498656519714	0.05566820029636248	1.2632966758277657	0.01695119104296201	1.236964208580692	1.2943599654206768	-0.0024227454979701846	0.00010194089416823749	-0.0025495952884227483	-0.00222675407074002
Wed Jul 10 04:33:42 2019	3.3416059321432945	3.739373433945854	1.2608947493657875e-05	10.636987499066043	4.523492444679526	-0.47141913927194146	0.0006797007685165953	-0.47253667096883817	-0.4703845696810929	0.2842539920021633	0.0005548632402685748	0.28359909363055724	0.2852400177011163	0.04123501240413983	4.939837618263676e-05	0.0411722082259873	0.04130526173988823	1.5275615364015802	0.005774064349812439	1.5193283667494528	1.537841913428416	0.004421865802292925	8.404177503351559e-05	0.004294427514449657	0.004588812508098431
Wed Jul 10 06:24:39 2019	3.6492128584863543	4.003290685146258	2.410562948999999e-05	8.845345552001698	7.029756842883758	-0.3865028343842115	0.0006241749046048083	-0.3874494549972783	-0.38537940011419713	0.3294413343306104	0.0007331229506242826	0.32829075975381183	0.3305523014463496	0.04074821412306946	3.031248072082759e-05	0.040697457427594515	0.040796764142493766	2.654967763439697	0.02173737269804247	2.6258608694779673	2.692697672859727	0.000770598287923234	8.646399260598428e-05	0.0006246323657519718	0.000901202311433535
Wed Jul 10 08:00:03 2019	3.716178987079758	4.011335278317015	4.722154877268724e-05	7.357836492208363	7.977268364834729	-0.23554368649019758	0.0016626589532863056	-0.23729322833873454	-0.23254991786857615	0.230078561403214	0.00049055747763139	0.22933778817014952	0.23091466254366594	0.03493790216131588	0.00016836793226003273	0.03457569357443551	0.035202757410083454	1.5297487780812635	0.018081810459193697	1.5107654427031685	1.5687465617630747	0.0028049821244942505	8.643499419321283e-05	0.002692748929605183	0.002934619966424297
Wed Jul 10 09:39:36 2019	3.192816565272729	3.6403602323008224	0.00013573292199716214	12.29861076835613	2.342484528920173	-0.3482060214763776	0.001508946098190826	-0.3505629596050124	-0.3464495527406284	0.23539980676499628	0.000971000962395069	0.23386952587540125	0.2368186873634277	0.06639870671799113	0.00036693233953936645	0.06597717767013823	0.06696581040192395	0.9351037017937621	0.04096556128115905	0.8824455605287236	1.009046297528189	-0.017512573211663607	0.00022467292376619142	-0.017782677815563593	-0.01711016388296351
Wed Jul 10 11:17:57 2019	3.536669472295553	3.852175346802697	5.493292309614956e-05	8.189635913239142	7.64797412625869	-0.34365746049564727	0.0006075268873207912	-0.3446660702051747	-0.342507179946827	0.2879649224856321	0.00031239213792732986	0.2875802940663349	0.28856560006889403	0.04962008314156262	0.00010591505425541906	0.04945704344988939	0.04982720153577526	1.297401412410026	0.01711713527096305	1.2715255318669043	1.326474660489184	-0.00966158392023338	0.00015138834798799402	-0.009889965492316417	-0.00940614474505655
Wed Jul 10 13:20:28 2019	3.5913128061140247	4.2126971286282595	0.0001259292012000419	14.754921545825677	2.0323296308056014	-0.3661930113388248	0.0013565364441005083	-0.368018797126623	-0.3635572964400843	0.2978969940999588	0.0013782636195193165	0.2962202825670653	0.30062592241171177	0.0626094606800843	0.00018684835133632896	0.06235815856330456	0.063026552971648	1.2900738724758647	0.01226692768664302	1.274911013604521	1.3108178564763637	-0.009673153560628473	0.0002298231787685013	-0.010023015305387777	-0.009274643659988549
Wed Jul 10 15:00:47 2019	3.7838759085371825	4.027570793957916	6.774754136102369e-05	6.051130288834855	8.761647517586606	-0.1553003066852374	0.0005956265889694162	-0.1561408969785011	-0.15393721212347972	0.14143751769958535	0.0008219032829427507	0.14015221950203094	0.14287254846818648	0.029823106779695057	0.00010908955897900655	0.02965900003011516	0.030005057540441332	1.3145675535023933	0.021279056563286897	1.2767739240837697	1.341684362592291	0.0061910342764429	0.00015421703921827254	0.005919386770553383	0.006418574003329755
Wed Jul 10 16:32:48 2019	3.3256137895653755	3.5946971069282965	1.884858016170085e-05	7.48481988177012	8.058716024025358	-0.30489030886743357	0.0009239252879697201	-0.3061702298424682	-0.30297132540934185	0.2102447907029655	0.0006667326869441106	0.2093716108583831	0.21137627676324114	0.048681309254658155	9.189523391390425e-05	0.04855831928428921	0.04882443047790816	0.828578283547307	0.009253368706060488	0.8155972624623155	0.8446610900770042	-0.010496794113873002	0.0001061974256043214	-0.010683475952112755	-0.010336508875651825
Wed Jul 10 18:12:51 2019	3.879180144585433	4.095053549019115	2.0459896347454642e-05	5.271826309866482	9.023791906673589	-0.316275718487366	0.001287740139498294	-0.318176457362615	-0.3140137039469765	0.23560425532585771	0.0009731860139911957	0.23398260034323734	0.23674504760990958	0.034251389668190774	4.122278488156396e-05	0.034190888816785905	0.03431964353834801	1.2205847527421751	0.015768642906340894	1.1999927984258574	1.2473325557598196	-0.0034301301035350408	0.00010091927177491379	-0.0035610073677604186	-0.003272987169444642
Wed Jul 10 20:03:04 2019	3.460552324253268	3.7410905914320565	5.1605900002674334e-05	7.499452794781638	8.107843779069327	-0.2852416976957593	0.0008573823156443796	-0.28647326572673804	-0.2838930199747758	0.23442748854443313	0.0006530871332682874	0.23318876036162947	0.23562861404342186	0.03705372100027625	0.00013587527516837036	0.036897249957751004	0.0372191894187067	1.0855530822638866	0.011329253836472694	1.0712483907877839	1.1114772300964635	0.0036449261954766008	9.213577478875239e-05	0.0035251233410624402	0.0038129834917152595
Wed Jul 10 21:46:16 2019	3.630298885534742	3.9010384956711532	9.470066176924686e-05	6.9383175864933175	8.470299104931007	-0.2766807344656764	0.0015880214309685137	-0.2786995807762401	-0.27370972391092796	0.21212823982052256	0.0014901613967654391	0.20987471814370554	0.2150371477917535	0.048040901074306884	0.00011019568815955649	0.04787000976682035	0.048219518972517604	1.886033690733809	0.04290050082525348	1.8284148176616108	1.9685768078707495	-0.014650284992679766	0.0002837699912566341	-0.015071678455787677	-0.014089472187684643
Wed Jul 10 23:21:38 2019	3.4817927627166343	3.824484051865035	5.5775753491085525e-05	8.96111269926484	5.660822342917053	-0.4305513539346988	0.0011502323596652565	-0.43204175242780807	-0.4284892683974754	0.41064209671065577	0.0014120963128831845	0.40874658110576334	0.4128147326461922	0.05984620479430682	0.00023926332022135405	0.05948388644488679	0.06019503656887728	1.4435493253773557	0.018975000344612133	1.4197271801069649	1.4739744363724223	-0.022262546787553704	0.00018096235436203018	-0.022496420789435184	-0.02186186066253982
Thu Jul 11 01:11:50 2019	3.4543280028489525	3.8772991598994837	1.686742450850201e-05	10.909351154387474	5.329259032807307	-0.2996413753082374	0.00030163634923830086	-0.3000746224947789	-0.29912375222471455	0.22006735240309347	0.00018254303908612514	0.21981106779945528	0.22043900890306894	0.051939707208038435	5.124427072205755e-05	0.05185920538840023	0.05204962260968684	1.570001392237361	0.007943799541737734	1.5599809629441552	1.5868829384576038	-0.003959466013459922	0.00010560734253458431	-0.004150798385579751	-0.003798776059470798
Thu Jul 11 03:01:41 2019	3.9924503781246448	4.405666092289712	1.778573786927755e-05	9.379587898078945	6.8599325117279255	-0.23980115073693256	0.0006570564808859349	-0.2408320284238506	-0.2386983738097781	0.22306291546068996	0.00047455434038350537	0.22244843964520772	0.22379006914632554	0.041825958518362585	6.359779038043837e-05	0.041730142578614876	0.04193718641971939	1.3064672842484772	0.006203466553963657	1.2967972198938928	1.3180219579083137	0.0013577157688876925	2.984455693763634e-05	0.0013154337261931713	0.001405272083925225
Thu Jul 11 04:40:05 2019	3.677909081516228	4.065808582647604	5.109999933536027e-05	9.542048278145487	6.573718491811508	-0.33633954187218346	0.001537135596436886	-0.3388680430468716	-0.3337582847917095	0.2841658275692489	0.0011093702446366154	0.2824421181021104	0.28603653664589096	0.04084382562524251	0.00011724992593331151	0.0406865521006078	0.04105594670790809	1.3673172348354456	0.02499142067892663	1.3375904433678991	1.4005346741360174	0.00483285109802965	8.425714631529295e-05	0.004668478213696286	0.004960691077735298
Thu Jul 11 06:46:08 2019	4.008467676913538	4.4437033745942625	3.850974899034132e-05	9.7945804534741	6.305570069953322	-0.23241673617921504	0.0005344030283261392	-0.23322496579129257	-0.23133390415773616	0.22552782553971013	0.00038434044909611804	0.22506960701969314	0.22614569299679835	0.03846343386344281	8.032885744620828e-05	0.03834258759932914	0.03861534644165296	1.7180464154595974	0.0139965567441813	1.6974398672222375	1.7475507453951717	0.004080178063127193	0.00010814301277040096	0.003913479155866041	0.004258282424345681
Thu Jul 11 08:23:45 2019	3.770443996825345	3.9914822819755678	1.393228997288684e-05	5.537211721641033	8.443066110469791	-0.16019671312258538	0.0006273031420057959	-0.16101716187472687	-0.15928679045488447	0.1785189079572486	0.00040462927672504435	0.17801002149183986	0.17932751955452803	0.033364518821128605	8.016501311584775e-05	0.0332271992724742	0.03352298615633624	1.4181766348806282	0.0134237764340348	1.3941885018107527	1.4438262061427634	-0.0018103137835560842	7.007003030702567e-05	-0.001927947280854167	-0.0016619151612380328
Thu Jul 11 10:43:08 2019	3.6794313160420886	4.0573219906164715	1.565220284130897e-05	9.313694111912701	6.949323889702024	-0.2624446518313833	0.0008433272872496649	-0.2637783105192053	-0.26120064508215857	0.21974124388641494	0.00031248935183210164	0.21918959230663768	0.2202522222131213	0.05492122421076338	6.272937672508428e-05	0.05483482083633223	0.055050024308984646	1.4244831925784587	0.005325705759820331	1.419412568204521	1.4342568365962425	-0.012430493877890891	0.0001306245202507633	-0.012609623573238506	-0.012233779180912289
Thu Jul 11 12:39:00 2019	3.405676923292574	3.759535025725795	2.9509456147980507e-05	9.410356829448428	6.467837035278745	-0.28723348895200806	0.0006519659113177811	-0.28825596193897296	-0.2861488085253818	0.22958507660985444	0.0006501294726228553	0.2289038635969981	0.23086430234290936	0.052040618607987685	0.00016061143635820834	0.05176760901987307	0.052365377053411766	1.701943127918769	0.028973350295678043	1.6517717471197237	1.7344090787977247	-0.007875244734144944	0.0001090912491864586	-0.008031347535162754	-0.007705870445806726
Thu Jul 11 14:01:22 2019	3.6042159409031473	3.8790647711208295	2.288634427519526e-05	7.086051362816033	8.527042650121475	-0.43057778625194876	0.0007958993939374984	-0.43220026862691296	-0.42929968512045935	0.3344603997664007	0.0005030306137392091	0.3338884149607725	0.3353608116715656	0.04094215989539796	0.00011509758503965068	0.040775845134897785	0.041183002025912116	1.4546345660288074	0.00829138776598939	1.4381859769509002	1.468668707096164	-0.005297111440993085	0.00012377475002679688	-0.00551888323039277	-0.0050610868460815635
Thu Jul 11 15:49:17 2019	3.6712289039675925	4.009131831105391	1.853951084079108e-05	8.428439192852192	7.355744500692764	-0.14581743400322228	0.0009492219032560705	-0.14705240381754892	-0.1440927622131161	0.10134912568120502	0.0006340134263810739	0.10066092861602033	0.1026607888248944	0.040716550799025635	0.00010843229409111571	0.04050653340423944	0.040870571777138286	1.4695637932515386	0.0048073558622765255	1.4625698531197584	1.4767075231658864	0.0022071585024639054	5.16706793290794e-05	0.0021336143838014453	0.0022948301398864595
Thu Jul 11 17:01:17 2019	3.9934050654679853	4.267914701128498	2.1440017333078503e-05	6.430716456239957	8.526134327611173	-0.40002307473686594	0.0007695368542325719	-0.40097236220903526	-0.39850651105225626	0.3328240018659213	0.0005181339127357862	0.33210621627136283	0.33360950870856293	0.0365573064619649	0.00010340500720807099	0.03641434702219342	0.03679941994025074	1.9840576614214194	0.027922166692792467	1.948571416111416	2.046330339776494	-0.00562365800631903	8.500262720385528e-05	-0.0057276739621762215	-0.005411470027761564
Thu Jul 11 19:10:55 2019	3.73951622317961	3.956492579870015	2.6924313752074968e-05	5.483954227601631	8.909608562332267	-0.23795462745585988	0.0008719235925039547	-0.23946109396225115	-0.23660318085528054	0.13393604601423584	0.0007758801563352318	0.13286325552766262	0.13542952025804955	0.03258085107744034	0.00010117686511469342	0.03245226452712259	0.032748087246785657	1.728255525680768	0.010972524043200559	1.712111792488187	1.7494713687001666	0.0013144053464107096	0.00011662093598513101	0.0011366994894087548	0.0015125054951519072
Thu Jul 11 20:57:51 2019	3.2114511647666815	3.4341464911542445	2.6677116979701617e-05	6.484339370665768	9.30445608445317	-0.36042954674134225	0.000886048778512725	-0.36149454962074307	-0.35853103959725446	0.25951898964969977	0.0006019870040522083	0.2586296213302173	0.2605800401006829	0.038000403700368626	0.00012760244992935093	0.03779370590127162	0.03822012386775403	1.2130111286491254	0.00959377807095729	1.2006924024307397	1.2320096784522196	-5.110428479767196e-05	0.00010155536956192524	-0.00021323455530928347	9.349630586658273e-05
Thu Jul 11 22:27:10 2019	4.105782283102612	4.391681221445626	3.343642470907923e-05	6.509314371014771	8.473043837666093	-0.3696359023415795	0.0006986618861812014	-0.3708285833433413	-0.3685926968956048	0.2733277521166764	0.0010355862345719845	0.2715339506656995	0.27526928318117144	0.03220054746962493	5.986173454651128e-05	0.032101722285512835	0.032320809417964745	1.0474710510006455	0.0080363099037042	1.0308389125601893	1.0578099480573389	0.000450390056444266	0.00010980717397874943	0.0002962337671857786	0.000694798868440275
Fri Jul 12 00:02:48 2019	3.375485655098819	3.714112342110938	2.4994169062900206e-06	9.117314363240157	6.816443233848688	-0.3247203577163788	0.00041961201274802657	-0.32545852117198265	-0.32392086848890494	0.2730508677541664	0.00022488561891035005	0.2728055425759739	0.27342253171987596	0.04735288685154237	2.2135551552213594e-05	0.04732245280906061	0.047392606265413834	1.0927101576510563	0.001444753289991177	1.0903265216583782	1.0952983435314185	-0.0028938100113699377	3.345677403947812e-05	-0.002937540070244415	-0.0028400869183381047
Fri Jul 12 02:00:49 2019	3.334665446705276	3.652157404730307	2.4521943741329477e-05	8.693354180488681	7.296871476649959	-0.24873256638598146	0.0007640540987346395	-0.24997548722723215	-0.24755449260615053	0.22181892224849858	0.00045682650111642653	0.22117683340300653	0.22270577945347372	0.05111888358090535	0.00012841082220569548	0.05096126200436405	0.05137378861261819	1.5283466952623166	0.031315036131738694	1.4870724915856837	1.6003797717243984	-0.009015471068517831	0.00010392790768639555	-0.009187214837742607	-0.008852865466129064
Fri Jul 12 04:27:44 2019	3.2947419658970416	3.707434610812553	0.00010393313334774753	11.131027796917271	5.047129579815937	-0.3194817930188679	0.0017194398413548759	-0.32326377809587803	-0.3160210577012506	0.27743825801379957	0.0016433753674584184	0.2752135706995194	0.28003162111713836	0.059898932021126006	0.00023482744817706965	0.059504938609708784	0.06025242207602191	1.95080494288966	0.03197038068838217	1.912179762757088	1.9830952248391565	-0.013913288843385788	0.00028231365130054737	-0.014331127326753047	-0.01353703126816355
Fri Jul 12 06:18:20 2019	3.6609445450073856	3.9240225404759803	7.351179979364572e-05	6.705535961561945	8.543794123297817	-0.24198523649549566	0.0013467113732839426	-0.2443136656005059	-0.23931573086942431	0.22501628787702388	0.0010493336419419993	0.22308190739772146	0.22678329975448785	0.03431850944899731	0.00010264149111136758	0.034180654629165454	0.03446288707695987	1.4342133558484327	0.009877100681900947	1.4188370693416448	1.4519525481410758	0.0037866889110185777	0.0001838308540137935	0.0034661622896931597	0.0040934425098194185
Fri Jul 12 07:56:16 2019	3.4362181615389664	3.7090344300968736	2.0608288246937583e-05	7.355357559165024	8.389446960076723	-0.27998522806115045	0.0005164956529800784	-0.2805976901738055	-0.27926129092927826	0.241681023821527	0.0006229565513108937	0.24062559092858696	0.24247820880366516	0.045804148490680374	0.00010418525174841788	0.045599502460415386	0.04601567625603078	1.3333208603202418	0.006651676011607368	1.3245939879706656	1.3514579830001088	-0.006335266389058155	9.508654054698374e-05	-0.006497264071640772	-0.006182802763227637
