Medium	Week_Excel	Number_of_Cases	Arg_Recode_1	Arg_Recode_2	Arg_Recode_3	Arg_Recode_4	Arg_Recode_5	Arg_Recode_6	Arg_Recode_7	Arg_Recode_8	Arg_Recode_9	Arg_Recode_10	Arg_Dicho_1	Arg_Dicho_2	Arg_Dicho_9	Date_Phase
1	38885	1	0	0	0	0	0	1	0	0	0	5	0	6	3	1
1	38892	2	0.5	0	0	0	1	0	0.5	0	0	1	1.5	1.5	3	1
1	38899	2	0.5	0.5	0.5	0	1.5	0	0.5	0	0	0	3	0.5	1.5	1
1	38906	1	0	0	0	0	0	2	3	0	0	3	0	8	1	1
3	38892	3	0.333333333	0.333333333	0	0	0.666666667	0.666666667	0.333333333	0	0	0.666666667	1.333333333	1.666666667	2	1
3	38906	1	0	0	0	0	0	2	1	0	0	2	0	5	3	1
11	38864	1	0	0	0	0	0	1	0	0	0	1	0	2	0	1
11	38878	2	0	0	0	0	0	0	0	0	0	0	0	0	1	1
11	38885	1	0	0	0	0	0	0	0	0	0	0	0	0	1	1
11	38899	2	0	0	0	0	0	1	0	0	0	1	0	2	0.5	1
11	38906	1	0	0	0	0	0	6	3	0	0	7	0	16	0	1
12	38878	1	0	1	2	0	1	1	0	0	0	0	4	1	0	1
12	38885	1	0	0	0	0	0	3	0	0	0	4	0	7	0	1
12	38892	1	0	0	0	0	0	0	0	0	0	0	0	0	1	1
12	38913	1	0	0	0	0	1	0	0	0	0	0	1	0	1	1
13	38871	1	0	0	0	0	0	0	0	0	0	0	0	0	1	1
13	38878	2	0	0	0	0	0.5	1	0	0	0	0.5	0.5	1.5	0	1
13	38885	2	0	0.5	0	0	0	3	0.5	0	0	2.5	0.5	6	1	1
13	38892	3	0.333333333	0.666666667	0	0	3.333333333	2.666666667	0.333333333	0	0	4.666666667	4.333333333	7.666666667	0.666666667	1
13	38899	1	1	0	2	0	5	0	0	0	0	1	8	1	0	1
13	38906	2	0	0	0	0	0	4	4.5	0.5	0	3	0	12	0	1
14	38878	1	0	0	0	0	0	0	0	1	0	0	0	1	0	1
14	38885	1	0	0	0	0	0	3	2	3	0	15	0	23	5	1
14	38892	1	0	0	0	0	0	2	0	0	0	6	0	8	1	1
14	38899	1	0	0	0	0	0	0	1	0	0	4	0	5	0	1
14	38906	1	2	3	0	0	5	0	5	0	0	0	10	5	0	1
14	38913	1	0	3	0	0	0	0	1	0	0	1	3	2	0	1
15	38871	2	0.5	0.5	0	0	2	1	0	0	0	2	3	3	0.5	1
15	38878	2	0	0	0	0	0	1	2	0	0	4	0	7	0	1
15	38885	4	0.25	0.25	0.25	0	1.25	2	0.25	0	0	4.75	2	7	1.25	1
15	38892	3	0.333333333	0.333333333	0.666666667	0	1.666666667	1.666666667	1.333333333	0	0	4.333333333	3	7.333333333	0.333333333	1
15	38899	2	0.5	0.5	0	0	0.5	0.5	0	0	0	0	1.5	0.5	2.5	1
15	38906	2	0.5	0	0	0	0.5	1.5	2	0	0	2.5	1	6	1.5	1
15	38913	1	0	0	0	0	0	2	1	0	0	1	0	4	0	1
15	38920	3	0.333333333	0	0	0	1.333333333	0	0	0	0	2.333333333	1.666666667	2.333333333	0.333333333	1
16	38885	1	0	0	0	0	0	1	0	0	0	0	0	1	1	1
16	38892	1	0	0	0	0	0	0	0	0	0	0	0	0	1	1
16	38906	1	0	0	0	0	0	0	1	0	0	1	0	2	1	1
16	38913	1	0	0	0	0	0	4	2	0	0	7	0	13	1	1
16	38920	1	0	0	0	0	0	1	1	0	0	0	0	2	1	1
18	38885	1	1	0	0	0	0	3	0	0	0	3	1	6	0	1
18	38892	1	0	0	0	0	0	0	0	0	0	2	0	2	0	1
18	38899	3	0.333333333	2	0	0	0.333333333	0.333333333	0	0	0	0	2.666666667	0.333333333	0.333333333	1
18	38906	3	0	0	0	0	1	0.333333333	0.333333333	0	0	1.666666667	1	2.333333333	0.666666667	1
18	38913	1	0	0	0	0	0	0	0	0	0	0	0	0	2	1
19	38871	2	0	0	0	0	0	0	0	0	0	0	0	0	1	1
19	38885	1	0	0	0	0	0	2	1	0	0	10	0	13	0	1
19	38892	3	1.666666667	0	1.333333333	0	1.666666667	0.666666667	0	0	0	2.333333333	4.666666667	3	0	1
19	38906	2	0	0	0	0	0	4.5	0.5	0	0	1.5	0	6.5	0	1
19	38913	2	0.5	1	0	0	1.5	1.5	0	0	0	1.5	3	3	2.5	1
19	38920	2	0.5	0	0	0	0	1	0	0	0	0	0.5	1	0	1
20	38885	2	0	0	0	0	0	0	0	0	0	2	0	2	1	1
20	38892	2	0.5	0.5	0	0	3.5	0	0	0	0	1	4.5	1	0	1
20	38906	1	0	0	0	0	0	0	0	1	0	2	0	3	0	1
21	38885	1	0	0	0	0	0	3	0	0	0	7	0	10	2	1
21	38892	3	0.333333333	1	0	0.333333333	1.333333333	1.333333333	0.333333333	0	0	2.666666667	3	4.333333333	0.333333333	1
21	38899	1	0	0	0	0	2	0	0	0	0	0	2	0	0	1
21	38913	2	0	0	0	0	0	0	0	0	0	0	0	0	1.5	1
21	38920	2	0	0	0	0	0	1.5	0.5	0	0	2.5	0	4.5	1	1
22	38871	3	0	0.333333333	0	0	0	0.333333333	0	0	0	0.333333333	0.333333333	0.666666667	0.333333333	1
22	38885	2	0	0	0	0	0	1.5	0.5	0.5	0	1	0	3.5	2	1
22	38892	2	0	1	0	0	1	3.5	0.5	0	0	1	2	5	1.5	1
22	38899	2	0	0.5	0	0	0.5	0	0	0	0	0	1	0	0.5	1
22	38906	2	0	0	0	0	0	1.5	0.5	0	0	0.5	0	2.5	0.5	1
22	38913	1	0	0	0	0	0	0	0	0	0	0	0	0	1	1
23	38878	2	0	0	0	0	0.5	2	0	0	0	4.5	0.5	6.5	0	1
23	38885	3	0	0	0	0	0	1.333333333	0.333333333	0	0	1	0	2.666666667	0.666666667	1
23	38892	5	0.4	0.4	0	0.2	0.8	0.4	0.2	0	0	0.4	1.8	1	0.4	1
23	38899	2	2	0.5	0	0	3	1	0.5	0	0	2.5	5.5	4	1	1
23	38906	2	0	0	0	0	3.5	3	2	0	0	4.5	3.5	9.5	0	1
23	38913	1	0	1	0	0	0	0	0	0	0	1	1	1	0	1
24	38892	1	0	0	0	0	2	1	0	0	0	2	2	3	0	1
24	38899	1	0	0	0	0	0	1	0	0	0	0	0	1	0	1
24	38906	1	0	0	0	0	0	0	0	0	0	0	0	0	1	1
25	38878	1	0	0	0	0	0	0	0	0	0	1	0	1	0	1
25	38885	3	0	0	0	0	1	0.333333333	0.333333333	0	0	0.333333333	1	1	0.333333333	1
25	38892	4	0.75	1.25	0	0	1.5	1.75	0.25	0.25	0	2.75	3.5	5	0	1
25	38899	3	1	0	0	0	1	0	0	0	0	1	2	1	0	1
25	38906	2	0	0.5	0	0	0	1	1	0	0	1.5	0.5	3.5	0	1
25	38913	1	0	0	0	0	0	0	0	0	0	1	0	1	0	1
26	38871	1	0	0	0	0	0	1	1	0	0	3	0	5	0	1
26	38885	3	0	0	0	0	0	0.333333333	1.333333333	0	0	0.333333333	0	2	2	1
26	38892	4	0.25	0	0	0.25	1.5	0.25	0	0	0	0	2	0.25	1	1
26	38899	3	0.333333333	0	0	0	0.333333333	0.333333333	0	0	0.333333333	0.333333333	0.666666667	1	1.333333333	1
26	38906	1	0	0	0	0	0	0	0	0	0	0	0	0	1	1
26	38913	1	0	0	0	0	0	1	0	0	0	4	0	5	1	1
27	38892	1	0	0	0	0	0	0	1	0	0	2	0	3	1	1
27	38899	2	0	0	0	0	0	2	0.5	0	0	2.5	0	5	0	1
27	38906	2	0	0	0	0	0	0	0	0	0	0	0	0	2.5	1
27	38913	1	0	0	0	0	0	0	0	0	0	0	0	0	1	1
28	38885	1	0	0	0	0	0	2	0	0	0	2	0	4	3	1
28	38892	1	0	0	0	1	3	1	0	0	0	1	4	2	4	1
28	38906	2	0	0	0	0	0	2	0	0	0	2.5	0	4.5	0	1
28	38920	1	1	0	1	0	4	0	0	0	0	1	6	1	1	1
1	38941	1	1	0	0	0	0	1	0	0	0	0	1	1	2	2
1	38948	3	0.333333333	0	0	0	0.333333333	0.333333333	0.666666667	0	0	2	0.666666667	3	3.333333333	2
2	38948	1	4	21	2	0	24	8	9	0	0	32	51	49	0	2
3	38941	2	0	0.5	0	0	1	0	0.5	0	0	1.5	1.5	2	2	2
3	38948	1	1	0	0	0	1	1	0	0	0	2	2	3	0	2
3	38955	1	0	0	0	0	0	0	0	0	0	3	0	3	1	2
11	38941	2	0.5	0	0	0	0	0	0	0	0	0.5	0.5	0.5	1	2
11	38948	3	0	0	0	0	0	0.333333333	0	0	0	0.666666667	0	1	0.666666667	2
11	38955	3	0.333333333	0	0.333333333	0	3.666666667	1	1	0	0	1.333333333	4.333333333	3.333333333	0.333333333	2
11	38962	4	0.25	0	0	0	1.5	0.25	0.75	0	0	3.5	1.75	4.5	0.25	2
12	38927	1	0	0	0	0	0	0	0	0	0	0	0	0	1	2
12	38934	1	0	0	0	0	0	1	0	0	0	2	0	3	0	2
12	38941	2	0	0	0	0	0	0	0.5	0	0	1.5	0	2	2	2
12	38948	1	0	0	0	0	0	1	0	0	0	2	0	3	0	2
12	38955	1	0	0	0	0	0	0	0	0	0	0	0	0	2	2
13	38920	2	1.5	0	0	0.5	8	0	0	0	0	1	10	1	0	2
13	38927	1	1	1	1	0	5	1	1	0	0	0	8	2	0	2
13	38934	2	0	0	0	0	0.5	1	0	0	0	0	0.5	1	0.5	2
13	38941	1	0	0	0	0	1	6	3	0	0	10	1	19	0	2
13	38948	5	0.2	1.8	0.2	0.2	8.2	1.6	0.4	0.2	0.2	6	10.6	8.4	0.6	2
13	38955	5	1.4	1.2	0	0.8	7	1.8	2.2	0	0.2	5	10.4	9.2	1	2
14	38927	1	0	0	0	0	0	0	0	0	0	0	0	0	1	2
14	38934	1	0	0	0	0	0	0	0	0	0	1	0	1	0	2
14	38955	1	0	0	0	0	0	0	0	0	0	0	0	0	1	2
15	38927	2	0.5	0	0	0	0.5	0.5	0	0	0	0.5	1	1	1.5	2
15	38934	3	0	0	0	0	0	0.333333333	0	0	0	0	0	0.333333333	1	2
15	38941	3	0	0	0	0	0	0	1	0	0	1	0	2	1.666666667	2
15	38948	3	0	0.666666667	0	0.333333333	2	2	0.333333333	0	0	0.666666667	3	3	1	2
16	38927	1	0	0	1	0	1	0	0	0	0	1	2	1	0	2
16	38934	1	1	0	0	0	1	2	0	0	0	0	2	2	0	2
16	38941	2	0.5	0	0	0	1	0	0	0	0	0.5	1.5	0.5	0	2
16	38948	1	1	1	0	0	9	0	0	0	0	1	11	1	0	2
16	38955	1	1	0	0	0	3	0	0	0	0	0	4	0	0	2
18	38920	2	1	1.5	0.5	0	1	0	0	0	0	0.5	4	0.5	0	2
18	38927	2	0.5	0	0	0	0.5	3	1.5	0	0	3.5	1	8	1.5	2
18	38934	5	0.2	0.4	0	0	0.8	0.6	1.2	0	0	2.4	1.4	4.2	0.8	2
18	38941	2	0	0	0	0	0.5	0.5	2	0	0	1.5	0.5	4	4	2
18	38948	5	0.2	0.4	0	0.2	0.4	0.2	0.4	0	0	0.8	1.2	1.4	1.2	2
18	38955	4	0.25	1	0	0	1.75	0.5	0	0	0	1	3	1.5	1	2
18	38962	4	1.5	1	0	0.25	2	1.5	1	0	0	3.75	4.75	6.25	1.25	2
19	38927	2	0	0	0	0	2	0	0	0	0	0.5	2	0.5	0.5	2
19	38934	1	0	3	0	0	0	2	0	0	0	0	3	2	1	2
19	38941	4	0.5	0.75	0	0	1.5	2.25	0.75	0	0	6.5	2.75	9.5	0	2
19	38948	6	0.833333333	1.666666667	0	0	0.5	2.666666667	2.5	0.666666667	0	4.333333333	3	10.16666667	1.166666667	2
19	38955	5	0.2	0.2	0	0	0.4	0.6	0.2	0.2	0	2.4	0.8	3.4	1.8	2
19	38962	5	0	0.4	0	0	0	1.4	1	0.4	0	3.6	0.4	6.4	1.4	2
20	38920	1	1	0	0	0	0	0	0	0	0	0	1	0	2	2
20	38927	1	1	0	0	0	1	4	2	0	0	0	2	6	1	2
20	38934	1	0	0	0	0	0	0	0	0	0	0	0	0	1	2
20	38941	2	0.5	0	0	0	2.5	2	0	0	0	0.5	3	2.5	1	2
20	38948	5	0.8	0	0	0	1	0.6	0	0	0	1.8	1.8	2.4	1.2	2
20	38955	5	1.6	1.4	0.8	0.2	4	0.6	1.8	0	0	5	8	7.4	1	2
20	38962	5	1.4	0.8	0.2	0	1.8	2.2	2	0	0	1.4	4.2	5.6	1.4	2
21	38927	1	0	1	0	1	2	5	0	0	0	0	4	5	0	2
21	38934	2	0.5	0	0	0	1.5	2	0	0	0	0.5	2	2.5	1	2
21	38941	1	0	0	0	0	0	1	0	0	0	0	0	1	0	2
21	38948	4	0.5	0.25	0	0.25	0.75	1	1	0	0	1.25	1.75	3.25	0.5	2
21	38955	4	0	0.5	0	0	1.5	0.75	1	0	0	1.25	2	3	0.75	2
21	38962	3	1	1	0.333333333	0	3.666666667	0.666666667	2	0	0	2.666666667	6	5.333333333	1.333333333	2
22	38920	1	2	3	0	0	2	0	0	0	0	0	7	0	0	2
22	38927	2	0	0.5	0.5	0	1.5	0	0	0	0	0	2.5	0	0.5	2
22	38934	2	0	0	0	0	0	1.5	0	0	0	0	0	1.5	0	2
22	38941	2	1	1.5	0.5	0	5	1.5	3	0	0	9.5	8	14	0	2
22	38948	3	0	0.666666667	0	0	0.666666667	1.333333333	0.666666667	0	0	2	1.333333333	4	1.333333333	2
22	38955	4	1	0.75	0.75	0	1.75	1.5	1.75	0	0	2.25	4.25	5.5	1	2
22	38962	5	0.4	0.2	0	0	0.6	0.8	0.2	0	0	2.2	1.2	3.2	0.6	2
23	38920	1	3	1	0	0	2	0	0	0	0	1	6	1	0	2
23	38927	3	0.333333333	0	0.666666667	0	4.666666667	1	0.666666667	0	0	2.666666667	5.666666667	4.333333333	0.666666667	2
23	38934	2	0.5	0	0.5	0	0.5	0.5	2	0	0	1.5	1.5	4	0.5	2
23	38941	4	0.75	0	0	0	0.25	1.25	0.75	0	0	0.75	1	2.75	1.75	2
23	38948	5	0	0	0	0	0.6	0.6	0.2	0	0	2	0.6	2.8	2	2
23	38955	5	1.4	0.6	0	0.2	3.8	1.8	3	0	0	7	6	11.8	1.6	2
23	38962	6	0.5	0	0.166666667	0.166666667	0.5	1.5	1.666666667	0	0	1.5	1.333333333	4.666666667	1.666666667	2
24	38920	1	0	0	0	0	0	0	0	0	0	2	0	2	0	2
24	38934	1	0	0	0	0	0	0	0	0	0	0	0	0	1	2
24	38955	2	0	0	0	0	0	0.5	0	0	0	0	0	0.5	0.5	2
25	38927	1	0	1	0	0	3	0	0	0	0	0	4	0	0	2
25	38934	3	0	0	0	0	0	0	0.666666667	0	0	2.333333333	0	3	1.333333333	2
25	38941	1	0	0	0	0	2	1	1	0	0	1	2	3	1	2
25	38948	2	0	0.5	0	0	2	1	0	0	0	1	2.5	2	0	2
25	38955	6	0.666666667	0	0.333333333	0	0.333333333	1.166666667	0.666666667	0.166666667	0	3	1.333333333	5	0.333333333	2
26	38927	2	0	0	0	0	0	0.5	0.5	0	0	0.5	0	1.5	0	2
26	38934	2	0	0	0	0	0	0	0	0	0	0	0	0	1	2
26	38941	1	0	0	0	0	0	0	0	0	0	0	0	0	1	2
26	38948	2	0	0	0	0	0	3	0	0	0	1.5	0	4.5	0.5	2
26	38955	3	0	0	0	0	0.666666667	0	0	0	0	0.666666667	0.666666667	0.666666667	0.666666667	2
27	38927	1	1	0	0	0	0	1	0	0	0	0	1	1	0	2
27	38934	2	0	0	0	0	0	0	1.5	0	0	0	0	1.5	0.5	2
27	38941	1	0	0	0	0	0	0	0	0	0	1	0	1	7	2
27	38948	6	0	0	0	0	0.5	0.5	0.166666667	0	0	0.666666667	0.5	1.333333333	0.5	2
27	38955	3	0.333333333	0	0	0	0.333333333	1.333333333	0	0	0	1	0.666666667	2.333333333	1.333333333	2
27	38962	5	0.2	0.4	0	0	1	0.8	0.8	0	0	1.2	1.6	2.8	0.4	2
28	38927	1	0	0	0	0	1	0	0	0	0	0	1	0	2	2
28	38934	1	0	0	0	0	0	2	1	0	0	2	0	5	2	2
28	38941	3	0.333333333	0.333333333	0	0.333333333	0.666666667	0.333333333	0.666666667	0	0	3.333333333	1.666666667	4.333333333	2.666666667	2
1	38969	1	1	0	0	0	0	0	0	0	0	0	1	0	2	3
2	38962	1	4	7	0	0	4	6	19	1	0	23	15	49	0	3
3	38969	2	0.5	0	0	0.5	0.5	0.5	0	0	0	1	1.5	1.5	3.5	3
5	38962	1	1	7	0	0	7	6	17	0	0	15	15	38	1	3
5	38969	1	2	3	3	0	7	0	2	0	0	12	15	14	1	3
11	38969	3	0	0	0	0	0	0	0	0	0	0.666666667	0	0.666666667	1.333333333	3
12	38969	1	0	0	0	0	0	0	0	0	0	0	0	0	2	3
12	38976	1	0	1	1	1	0	1	2	0	0	4	3	7	1	3
12	38983	1	0	0	0	0	0	0	0	0	0	0	0	0	1	3
13	38962	5	0.4	0.2	0.4	0	3	0.8	0.6	0	0.2	2.8	4	4.4	8.6	3
13	38969	2	0.5	0	0	0	10	0.5	2.5	0.5	1	13.5	10.5	18	1	3
13	38976	4	1	1	0.25	0	4.25	2	0.25	0	0	2	6.5	4.25	14.5	3
14	38962	1	0	0	0	0	0	0	0	0	0	1	0	1	0	3
14	38969	1	0	0	0	0	0	0	0	0	0	2	0	2	3	3
14	38976	1	0	0	0	0	0	0	0	0	0	1	0	1	2	3
14	38983	1	0	0	0	0	0	0	0	0	0	2	0	2	1	3
15	38962	3	0.333333333	0	0	0	1	0.666666667	0.333333333	0	0	2.333333333	1.333333333	3.333333333	0.666666667	3
15	38969	6	0.166666667	0.166666667	0	0	0.5	0.333333333	0.833333333	0	0	0.666666667	0.833333333	1.833333333	0.666666667	3
15	38976	1	3	2	0	1	4	6	2	0	0	10	10	18	0	3
16	38962	1	0	0	0	2	0	1	4	0	0	10	2	15	0	3
16	38969	1	1	0	0	0	1	1	0	1	0	0	2	2	1	3
16	38976	1	0	0	0	0	0	0	0	0	0	1	0	1	3	3
17	38962	1	9	2	3	0	37	10	13	0	0	51	51	74	28	3
18	38969	2	1.5	1	0	0.5	4	2.5	2	0	0	4.5	7	9	1	3
18	38976	3	0	0.333333333	0	0	0.666666667	0.333333333	0.333333333	0	0	1	1	1.666666667	0	3
19	38969	3	0	0	0	0	0	0	0	0.333333333	0	0	0	0.333333333	2.666666667	3
19	38976	2	1.5	1	0	0.5	4	4.5	2	1.5	0	6.5	7	14.5	1.5	3
20	38969	3	1	0.333333333	0.333333333	0	2.666666667	2.666666667	0.666666667	0	0	3.666666667	4.333333333	7	2	3
20	38976	2	0	0	0	0	1	2	0.5	0	0	1.5	1	4	1	3
21	38969	3	0.333333333	0	0	0	0.333333333	1.333333333	0.666666667	0	0	2	0.666666667	4	0.333333333	3
21	38976	4	1	1	0	0	2.75	1.75	1.25	0	0	4.5	4.75	7.5	0	3
22	38969	6	0	0	0	0	0	1.333333333	0.166666667	0.166666667	0	1.666666667	0	3.333333333	0.666666667	3
22	38976	2	0	0	0	0	0	1	0.5	0	0	2.5	0	4	0.5	3
23	38969	4	2.25	0	0	0.75	1.75	2.75	2	0.25	0	3	4.75	8	0.75	3
23	38976	3	0.333333333	0	0	0	1.333333333	3	1.333333333	0	0	2.333333333	1.666666667	6.666666667	0.666666667	3
24	38962	1	0	0	0	0	0	0	0	0	0	0	0	0	1	3
24	38976	1	0	0	0	0	0	0	0	0	0	1	0	1	0	3
25	38962	5	0	0.2	0	0.4	0.2	1.2	1.2	0.4	0	3.2	0.8	6	0.2	3
25	38969	6	0	0.333333333	0	0	0.666666667	1.333333333	1.166666667	0	0	1.333333333	1	3.833333333	1.5	3
25	38976	3	0	0	0	0	0	0.666666667	0	0	0	1	0	1.666666667	0.666666667	3
25	38983	1	0	0	0	0	0	0	0	0	0	0	0	0	1	3
26	38969	3	0	0	0	0	0.666666667	0.666666667	0	0	0	2	0.666666667	2.666666667	1	3
26	38976	5	0	0.2	0	0	0.2	1	0	0.2	0.2	1	0.4	2.4	0.4	3
27	38969	6	0.666666667	0.333333333	0.166666667	0	0.5	1	0.166666667	0.333333333	0	1.5	1.666666667	3	0.5	3
27	38976	2	0	0	0.5	0	1	0	1.5	1	0	11	1.5	13.5	0	3
28	38962	1	0	0	0	0	0	0	0	0	0	0	0	0	1	3
